100
2 72
1 
6 7 
5 87990
1 2 3 4 
6
3 
3 5 
1 3 6 
3 424
2 3 4 5 7 
2 7 
1 3 
1 7
6 7 
1 8
1 5 
1 3
3 4 5 6 
1 3
2 3 7 
3 391
5 7 
5
3 
1 7
3 6 
4 249
1 3 5 7 
5 
3 
4 
2 22
4 6 7 
2 3 
5 12406
2 
5 
1 3 4 
1 4 
4 6 
1 9
2 5 
3 95
1 2 5 
6 
2 5 
4 4775
1 
3 6 
1 4 
2 5 
2 31
3 6 
1 6 7 
4 243
2 3 7 
1 4 
3 5 
7 
5 5529
1 3 
1 4 7 
2 3 5 6 
1 2 3 5 7 
1 7 
5 52221
2 5 
1 3 5 7 
3 5 6 7 
3 4 7 
3 4 7 
4 5281
2 5 6 
6 7 
4 5 6 
2 3 7 
3 343310854
2 4 6 
4
1 5 
5 57803
1 5 6 
1 4 5 
1 3 7 
5 6 
7 
1 2
3 
3 371
2 3 5 7 
6 
2 3 5 7 
3 137
1 3 6 
1 2 5 
1 5 7 
1 9
5 7 
4 7493
1 7 
3 4 6 
1 
5 7 
2 51
2 3 7 
1 7 
2 95
5 
1 3 
4 6745
1 6 7 
2 7 
3 
4 7 
4 2282
2 3 5 
4 
3 6 
4 
2 1
4 
2 
2 67
3 5 
5 7 
4 8881
6 
2 3 4 7 
2 3 
2 6 
2 24
4 6 7 
1 2 4 5 6 
3 524
3 5 
6
2 3 
2 94
1 4 5 
1 2 4 7 
5 39448
4 7 
5 6 7 
4
2 7 
1 5 7 
5 503147325
1 5 6 7 
7 
1
2 3 
1 2 3 6 
5 4483
6
2 
5 6 
1 4 5 7 
1 4 7 
2 50
2 
4 7 
2 27
1 5 6 
5 6 
5 16326
2
1 3 4 7 
3 
2 4 6 
1 3 6 
3 255
2 5 
1 2 
2 3 4 
1 2
6
2 64
1 3 4 
1 6 
1 6
2 
5 90310
1 
4 6 
2
7
1 6 7 
3 470
5 
3 6 
1 2 3 
2 31
4 5 
2 4 6 
4 7050
3 6 
1 7 
4 6 
1 2 4 
1 3
1 6 
2 5
1 3 7 
1 6 
4 7632
3 5 
3 
1 2 3 6 7 
3 6 
5 43965
2 
2 3 
1 7 
1 3 6 7 
4 5 6 
4 8881
4 
1 6 7 
5 
2 4 7 
2 74
4 7 
1 2 4 6 7 
2 75
4 
2 5 
5 38786
1 2 3 6 
2 4 
4 
1 
1 4 
3 777
5 
2 5 
3
5 21848
1 3 5 7 
2 4 6 
2 6 7 
1 2 3 5 
7
4 6742
6 
2
7 
2 5 
1 2
6 
1 1
1 4 6 7 
2 32
4
2
1 9
4 7 
5 8294
3 4 
2 4 
1 
2 3 5 
3 5 6 
3 273
1 3 
2 3 6 
1 3 4 7 
4 2294
1
1 4 5 
2 5 6 
6 7 
3 776
1 4 5 
7 
2 3 4 
4 430710804
1 5 
1 2 3 4 6 7 
4 7 
4 
4 7570
3 4 7 
1 3 
1 6 
1 7 
5 84061
7 
5 6 
1 
1 
1 2 3 
4 5512
1 5 
4 
4 7 
1 
4 8326
4 5 
1 2 
7
3 4 5 
3 295
2 4 
6
5 
5 14187
6 
2 5 6 
2 5 7 
1 4 6 7 
2 4 7 
1 5
1 3 7 
4 6579
2 6 
1 
5 
7
1 908604013
2 3 5 
5 22670
1 3 4 6 7 
3 5 6 
5 6 7 
4
2 4 5 7 
2 38
2 3 5 6 
4 
5 55982
5 7 
3
6 7 
7
5 
1 8
6 
3 467
6
1 2 3 
1 7 
3 286
1 2 3 6 7 
4 6 7 
6
5 19861
3 6 
4 6 7 
2 5 6 
3 6 
1 3 6 
5 30457
1 3 
2 4 
2 6 
3 7 
2 5 
1 10
3 7 
4 8134
3 4 
6 
1 3 
5 
4 6736
2 5 7 
1 
2 4 
5 
2 46
1 
5
1 5
7
4 4299
1 6 
1 4 6 7 
4 7 
6 
1 6
2 
2 77
3 5 6 
2 3 6 
5 44435
6 7 
1 2 3 4 5 
1 
1 3 4 
1 4 5 7 
3 650
1 5 6 7 
2 3 4 6 7 
3 4 6 
2 68
3 6 
2 
4 9901
4 
1 2 4 7 
4 5 
6 
